256
17 7
17 23
17 39
17 55
17 71
17 87
17 103
17 119
17 135
17 151
17 167
17 183
17 199
17 215
17 231
17 247
17 263
17 279
17 295
17 311
17 327
17 343
17 359
17 375
17 391
17 407
17 423
17 439
17 455
17 471
17 487
17 503
22 7
22 23
22 39
22 55
22 71
22 87
22 103
22 119
22 135
22 151
22 167
22 183
22 199
22 215
22 231
22 247
22 263
22 279
22 295
22 311
22 327
22 343
22 359
22 375
22 391
22 407
22 423
22 439
22 455
22 471
22 487
22 503
27 7
27 23
27 39
27 55
27 71
27 87
27 103
27 119
27 135
27 151
27 167
27 183
27 199
27 215
27 231
27 247
27 263
27 279
27 295
27 311
27 327
27 343
27 359
27 375
27 391
27 407
27 423
27 439
27 455
27 471
27 487
27 503
32 7
32 23
32 39
32 55
32 71
32 87
32 103
32 119
32 135
32 151
32 167
32 183
32 199
32 215
32 231
32 247
32 263
32 279
32 295
32 311
32 327
32 343
32 359
32 375
32 391
32 407
32 423
32 439
32 455
32 471
32 487
32 503
36 7
36 23
36 39
36 55
36 71
36 87
36 103
36 119
36 135
36 151
36 167
36 183
36 199
36 215
36 231
36 247
36 263
36 279
36 295
36 311
36 327
36 343
36 359
36 375
36 391
36 407
36 423
36 439
36 455
36 471
36 487
36 503
41 7
41 23
41 39
41 55
41 71
41 87
41 103
41 119
41 135
41 151
41 167
41 183
41 199
41 215
41 231
41 247
41 263
41 279
41 295
41 311
41 327
41 343
41 359
41 375
41 391
41 407
41 423
41 439
41 455
41 471
41 487
41 503
46 7
46 23
46 39
46 55
46 71
46 87
46 103
46 119
46 135
46 151
46 167
46 183
46 199
46 215
46 231
46 247
46 263
46 279
46 295
46 311
46 327
46 343
46 359
46 375
46 391
46 407
46 423
46 439
46 455
46 471
46 487
46 503
51 7
51 23
51 39
51 55
51 71
51 87
51 103
51 119
51 135
51 151
51 167
51 183
51 199
51 215
51 231
51 247
51 263
51 279
51 295
51 311
51 327
51 343
51 359
51 375
51 391
51 407
51 423
51 439
51 455
51 471
51 487
51 503
