256
3 3
3 11
3 19
3 27
3 35
3 43
3 51
3 59
3 67
3 75
3 83
3 91
3 99
3 107
3 115
3 123
3 131
3 139
3 147
3 155
3 163
3 171
3 179
3 187
3 195
3 203
3 211
3 219
3 227
3 235
3 243
3 251
6 3
6 11
6 19
6 27
6 35
6 43
6 51
6 59
6 67
6 75
6 83
6 91
6 99
6 107
6 115
6 123
6 131
6 139
6 147
6 155
6 163
6 171
6 179
6 187
6 195
6 203
6 211
6 219
6 227
6 235
6 243
6 251
9 3
9 11
9 19
9 27
9 35
9 43
9 51
9 59
9 67
9 75
9 83
9 91
9 99
9 107
9 115
9 123
9 131
9 139
9 147
9 155
9 163
9 171
9 179
9 187
9 195
9 203
9 211
9 219
9 227
9 235
9 243
9 251
12 3
12 11
12 19
12 27
12 35
12 43
12 51
12 59
12 67
12 75
12 83
12 91
12 99
12 107
12 115
12 123
12 131
12 139
12 147
12 155
12 163
12 171
12 179
12 187
12 195
12 203
12 211
12 219
12 227
12 235
12 243
12 251
15 3
15 11
15 19
15 27
15 35
15 43
15 51
15 59
15 67
15 75
15 83
15 91
15 99
15 107
15 115
15 123
15 131
15 139
15 147
15 155
15 163
15 171
15 179
15 187
15 195
15 203
15 211
15 219
15 227
15 235
15 243
15 251
18 3
18 11
18 19
18 27
18 35
18 43
18 51
18 59
18 67
18 75
18 83
18 91
18 99
18 107
18 115
18 123
18 131
18 139
18 147
18 155
18 163
18 171
18 179
18 187
18 195
18 203
18 211
18 219
18 227
18 235
18 243
18 251
21 3
21 11
21 19
21 27
21 35
21 43
21 51
21 59
21 67
21 75
21 83
21 91
21 99
21 107
21 115
21 123
21 131
21 139
21 147
21 155
21 163
21 171
21 179
21 187
21 195
21 203
21 211
21 219
21 227
21 235
21 243
21 251
24 3
24 11
24 19
24 27
24 35
24 43
24 51
24 59
24 67
24 75
24 83
24 91
24 99
24 107
24 115
24 123
24 131
24 139
24 147
24 155
24 163
24 171
24 179
24 187
24 195
24 203
24 211
24 219
24 227
24 235
24 243
24 251
